7 0.395573 0.782407 0.051562 0.101852
7 0.550521 0.825926 0.058333 0.122222
1 0.474479 0.802778 0.058333 0.109259
2 0.258333 0.432407 0.038542 0.122222
2 0.309896 0.444907 0.032292 0.119444
2 0.260937 0.587963 0.031250 0.112963
2 0.310937 0.598611 0.037500 0.121296
2 0.366406 0.616667 0.038021 0.116667
2 0.582031 0.678704 0.034896 0.112963
3 0.424479 0.626389 0.048958 0.104630
3 0.480208 0.643981 0.042708 0.106481
3 0.532552 0.667593 0.050521 0.109259
4 0.702604 0.580556 0.091667 0.185185
8 0.694271 0.713889 0.077083 0.083333
4 0.064844 0.390741 0.065104 0.196296
